[0.00000000e+00 2.44521590e-11 2.97578207e-16 9.50847135e-17
 3.17172971e-16 3.51498942e-02 4.18658683e-12 6.95969804e+00
 6.45501247e+00 1.14059818e-18 2.37529542e-16 4.32464086e-17
 6.08343857e-18 4.32024152e-17 3.09573065e-02 1.03273092e-07
 1.75866298e-18 5.22599399e-02 6.84952871e-03 3.04523962e-02
 3.09528808e-02 1.34259809e-14 1.14860431e-18 6.02578131e-19
 6.21496718e-19 1.38933511e-18 3.48324067e-12 2.44511647e-02
 8.41951488e-17 1.33529528e-15 4.42844444e-02 1.38222636e-07
 4.56573834e-18 5.73723000e-16 2.37774941e-04 8.41947803e-02
 1.57527889e-16 1.38508617e-18 8.40473561e-19 1.22507664e-18
 1.65319960e-07 4.64267545e-15 9.18779017e-07 9.62909702e-19
 1.34332839e-01 3.13209731e-02 3.13970448e-18 1.59283138e-06]
[2.44521590e-11 0.00000000e+00 7.45209225e-19 6.95951764e+00
 1.07268469e-18 3.42733281e-18 1.58120820e-18 2.14389722e-18
 8.83390408e-19 8.42709029e-18 1.33966189e-18 8.28070252e-19
 1.01684377e-18 1.30646776e-18 9.17085920e-19 1.84785137e-15
 3.41625424e-17 8.96699954e-16 2.61659282e-18 9.15771926e-14
 1.24404664e-08 9.45274981e-19 6.70435364e-19 1.93676572e-18
 5.61022551e-04 7.89169662e-17 3.68270468e-18 3.42552193e-17
 1.23254213e-09 2.08934491e-17 1.22311685e-18 6.22071231e-18
 1.76237689e-18 4.21223916e-17 5.84103659e-17 1.05817783e-14
 4.97741412e-19 5.73651963e-17 2.45674150e-16 3.04652493e-17
 1.43936563e-16 6.96007867e+00 5.68044548e-19 1.03303704e-18
 2.07027172e-16 9.86621929e-17 4.21782270e-16 2.59007700e-18]
[2.97578207e-16 7.45209225e-19 0.00000000e+00 2.44457124e-11
 7.60198376e-18 8.62779256e-19 5.20443920e-19 2.37878215e-04
 1.83312959e-18 7.24105554e-18 1.81285188e-17 5.12616551e-06
 3.68063257e-18 9.13477277e-19 3.88671178e-18 7.11448457e-18
 9.20246109e-14 6.98735673e-19 9.29277341e-19 8.93098598e-19
 4.52862646e-03 6.95625894e+00 1.43725661e-03 1.38222633e-07
 5.05721458e-12 1.35287465e-18 6.25412440e-19 3.64322129e-17
 3.22905355e-18 5.80282069e-17 8.63128568e-19 2.29305088e-18
 6.17180261e-19 6.95768762e+00 2.48944943e-16 1.14815368e-17
 4.62860160e-15 5.41371392e-16 1.75815133e-06 2.49344889e-09
 9.47097585e-17 5.28847318e-18 3.18431468e-17 1.31407163e-18
 4.56466245e-16 2.52828140e-16 2.42728075e-16 1.59914347e-18]
[9.50847135e-17 6.95951764e+00 2.44457124e-11 0.00000000e+00
 1.56539522e-15 1.12183704e-16 5.12138945e-19 6.51583174e-15
 8.65839775e-19 2.60151642e-16 5.15698199e-18 2.04455578e-18
 1.61245699e-03 2.86662839e-05 4.97741412e-19 7.77308617e-18
 4.30989630e-17 3.35287610e-18 2.99945395e-18 1.17846444e-18
 5.44704168e-18 2.11339424e-17 6.09079494e-17 2.92525608e-18
 7.18073560e-19 6.95899858e+00 5.57081889e-18 4.17070534e-18
 1.42931554e-16 1.01527460e-16 8.32149999e-15 3.48821990e-18
 4.97741412e-19 1.82319828e-16 1.84794410e-16 1.58107835e-18
 2.29403324e-18 3.93982561e-17 1.01046371e-17 3.45188498e-15
 2.03576907e-15 1.61773377e-17 1.32525711e-18 1.84568537e-18
 5.47755125e-18 9.39623307e-18 3.10867189e-12 7.80532884e-18]
[3.17172971e-16 1.07268469e-18 7.60198376e-18 1.56539522e-15
 0.00000000e+00 9.62717311e-19 1.28381474e-18 7.49027169e-18
 1.46221205e-17 8.08754423e-19 3.06243176e-16 1.53369899e-04
 8.30631380e-19 1.27666400e-18 2.87842771e-18 1.56932053e-15
 1.58960672e-02 2.49875853e-16 1.51164325e-14 3.97835871e-05
 2.81581833e-09 2.19530817e-16 2.61287471e-16 7.81315063e-19
 2.92514266e-16 4.73531305e-15 3.35101192e-08 6.95841328e-19
 6.95950076e+00 1.51061231e-18 5.38155915e-19 1.14093493e-16
 1.00772351e-18 2.38714497e-18 1.61081264e-18 7.61930333e-19
 6.47379093e-14 6.55078275e-15 9.13473407e-16 3.84492280e-04
 1.47820363e-18 1.47098748e-16 5.90140481e-16 6.16316645e-19
 3.82070970e-17 3.47784436e-07 1.47508945e-17 6.94418249e+00]
[3.51498942e-02 3.42733281e-18 8.62779256e-19 1.12183704e-16
 9.62717311e-19 0.00000000e+00 7.78708423e-19 7.29019922e-19
 1.09095639e-18 9.47309868e-19 5.89952610e-19 6.92244904e-19
 7.02350250e-19 1.47603752e-18 2.24351850e-18 7.25116525e-19
 8.97271411e-18 7.81923158e-19 9.46252764e-19 7.99901102e-18
 3.44277733e-14 5.31922897e-19 6.01218963e-19 7.11201285e-13
 6.91039603e-14 1.64461689e-18 9.07888863e-19 5.45209894e-17
 9.72956944e-19 6.93338678e+00 5.85864427e-15 2.68449259e-12
 1.02067906e-18 6.73826731e-19 7.52334283e-18 1.60324380e-17
 6.95127034e+00 5.12220917e-05 5.91721823e-19 1.22817098e-15
 7.79975125e-18 1.46488000e-17 9.39413607e-19 8.72565441e-16
 5.22968475e-17 1.62665074e-11 1.24069237e-18 2.99111280e-04]
[4.18658683e-12 1.58120820e-18 5.20443920e-19 5.12138945e-19
 1.28381474e-18 7.78708423e-19 0.00000000e+00 1.44699172e-04
 6.33848925e-19 5.06813332e-19 5.27355698e-19 1.46199866e-18
 6.95174562e-19 5.11750084e-19 5.55994610e-19 6.58888609e-16
 7.16046702e-19 6.93646572e+00 1.50005980e-18 7.85285579e-19
 1.33985911e-11 1.45069859e-07 3.43627496e-16 9.45686929e-18
 9.31725557e-19 5.73893197e-19 5.28499162e-19 6.95414162e+00
 9.83080994e-18 2.04080443e-15 8.02601217e-16 1.74898999e-18
 4.51075964e-16 3.27885883e-18 6.88250766e-19 1.85173820e-18
 2.60020609e-18 2.47675131e-15 5.89877827e-19 3.58744612e-18
 3.06387806e-17 2.06350216e-18 7.69499885e-16 2.77945409e-16
 2.94051608e-02 1.34898940e-14 5.23914146e-19 4.97741412e-19]
[6.95969804e+00 2.14389722e-18 2.37878215e-04 6.51583174e-15
 7.49027169e-18 7.29019922e-19 1.44699172e-04 0.00000000e+00
 1.13168866e-16 2.59921904e-17 1.33636078e-16 3.79145816e-02
 4.53085703e-18 4.19738804e-17 4.25781649e-18 6.91143675e+00
 1.03587694e-13 3.29925949e-15 1.81565418e-18 1.04268658e-18
 4.73730539e-16 1.15357135e-16 1.05580831e-02 7.12711681e-19
 1.49565042e-18 7.91405546e-19 5.13562738e-18 2.37251374e-17
 8.36528873e-05 1.30264998e-16 1.05176981e-15 9.88189623e-17
 1.90792346e-15 7.10648383e-16 6.04311398e-18 9.09143507e-09
 6.27731258e-18 8.95404431e-16 9.36412760e-18 1.06921556e-11
 8.36541211e-05 5.36944960e-18 4.26127405e-17 1.94168825e-09
 1.26649062e-15 5.61141767e-17 1.90359052e-18 7.72195645e-19]
[6.45501247e+00 8.83390408e-19 1.83312959e-18 8.65839775e-19
 1.46221205e-17 1.09095639e-18 6.33848925e-19 1.13168866e-16
 0.00000000e+00 1.99284687e-15 8.65179494e-19 3.05594363e-18
 5.33209978e-19 5.95893382e-19 1.14484398e-18 2.37774941e-04
 1.54884677e-13 5.72851890e-19 5.09310402e-19 2.40717601e-18
 1.18436737e-17 7.72979570e-16 5.85794818e-19 2.83258258e-15
 5.51943575e-19 1.90737639e-15 1.06870169e-18 2.17163919e-17
 9.75544839e-16 4.92913218e-15 2.31342253e-18 5.18598455e-17
 1.10825625e-16 6.99399606e-16 6.56206976e-19 1.17071756e-18
 4.97741412e-19 5.46253972e+00 5.28777636e-15 2.00236739e+00
 1.18262872e-18 2.66859695e-17 5.43380116e-19 6.65082526e-19
 4.03093387e-17 5.21303718e-18 6.96013362e-19 5.70834246e-19]
[1.14059818e-18 8.42709029e-18 7.24105554e-18 2.60151642e-16
 8.08754423e-19 9.47309868e-19 5.06813332e-19 2.59921904e-17
 1.99284687e-15 0.00000000e+00 6.19547281e-19 5.39892386e-19
 7.76761317e-18 3.57597604e-18 6.31291857e-19 2.36198781e-16
 2.57297476e-15 2.90964233e-18 4.97741412e-19 1.54041882e-16
 9.26437564e-06 1.00885627e-18 6.63100592e-19 6.95994477e+00
 1.30253743e-04 1.66640717e-17 1.20485213e-18 5.10731541e-19
 4.94578088e-18 2.69886126e-14 5.26703254e-19 1.17303180e-18
 1.32221597e-18 1.45652426e-18 1.24483926e-17 1.01925579e-18
 2.86330332e-13 2.83854124e-16 3.04839638e-16 7.69631506e-15
 1.24009878e-17 6.96007306e+00 1.21210525e-18 1.08779670e-18
 1.28187154e-17 4.59211187e-18 1.05730537e-18 7.57844688e-18]
[2.37529542e-16 1.33966189e-18 1.81285188e-17 5.15698199e-18
 3.06243176e-16 5.89952610e-19 5.27355698e-19 1.33636078e-16
 8.65179494e-19 6.19547281e-19 0.00000000e+00 6.91892534e+00
 4.70100562e-17 9.24345108e-19 1.18899517e-18 4.82348898e-02
 2.25736170e-17 5.49567298e-19 5.75328773e-19 2.32075711e-18
 1.08457198e-17 1.55854965e-08 6.94972744e+00 5.06464989e-18
 5.54799237e-19 5.17823471e-18 6.85860282e-19 8.43547263e-19
 3.19751864e-03 3.52072448e-16 9.92848475e-08 4.10383623e-16
 6.96236939e-19 7.20441797e-05 2.13890564e-17 1.02833995e-18
 7.70805987e-19 8.11442147e-19 9.16563186e-19 2.52054368e-15
 3.76634091e-16 5.35393628e-16 5.17578395e-19 6.32608099e-19
 3.35826330e-17 1.58102058e-17 4.76067688e-18 1.44549988e-18]
[4.32464086e-17 8.28070252e-19 5.12616551e-06 2.04455578e-18
 1.53369899e-04 6.92244904e-19 1.46199866e-18 3.79145816e-02
 3.05594363e-18 5.39892386e-19 6.91892534e+00 0.00000000e+00
 1.50778112e-16 9.60152867e-19 6.95232387e+00 1.77182517e-12
 4.52864315e-17 8.75399801e-19 5.54171205e-19 4.09222033e-18
 7.47379716e-19 1.69242078e-13 9.70534220e-17 3.48190767e-16
 1.55102052e-16 5.09965911e-18 4.23745381e-17 5.59459972e-19
 3.31610890e-18 2.57793749e-17 1.78273243e-14 2.69754118e-18
 2.46328057e-17 5.79081808e-19 7.14066274e-19 1.40460715e-15
 5.08346769e-19 9.92848479e-08 1.24224547e-18 3.57505497e-17
 1.08028441e-02 1.94259908e-18 3.82714518e-16 8.96899818e-19
 3.21114940e-05 1.50777463e-18 1.41928156e-15 7.39515186e-19]
[6.08343857e-18 1.01684377e-18 3.68063257e-18 1.61245699e-03
 8.30631380e-19 7.02350250e-19 6.95174562e-19 4.53085703e-18
 5.33209978e-19 7.76761317e-18 4.70100562e-17 1.50778112e-16
 0.00000000e+00 2.51100876e-18 5.73300928e-19 1.44560623e-16
 6.76972950e-18 2.97509447e-16 4.97741412e-19 1.30152327e-18
 6.93590467e+00 3.81742434e-03 8.16256949e-18 3.74765662e-02
 6.92155949e+00 5.86372340e-19 4.97741412e-19 1.33985471e-11
 1.49431197e-09 4.39520161e-17 2.69783278e-18 8.94837814e-19
 5.87934373e-19 4.29498239e-13 8.69713781e-19 1.02108751e-18
 5.70054549e-15 4.73269188e-17 3.48404900e-05 6.15064689e-15
 7.36379731e-17 5.61180419e-06 6.71316650e-19 6.86031558e-19
 1.97462897e-02 2.05835680e-18 5.97083110e-18 2.45313955e-15]
[4.32024152e-17 1.30646776e-18 9.13477277e-19 2.86662839e-05
 1.27666400e-18 1.47603752e-18 5.11750084e-19 4.19738804e-17
 5.95893382e-19 3.57597604e-18 9.24345108e-19 9.60152867e-19
 2.51100876e-18 0.00000000e+00 5.57679315e-19 8.60395871e-19
 2.79843020e-15 5.21626598e-19 2.11550309e-18 1.39610583e-17
 8.08759521e-19 6.71386063e-10 6.94358538e+00 5.32022459e-06
 6.96002439e+00 2.37077621e-18 9.35622883e-19 3.24041232e-17
 1.04583547e-12 2.52488398e-17 3.42479150e-16 3.08273650e-17
 1.01937138e-18 1.65135926e-02 9.76171195e-17 4.97741412e-19
 2.89152551e-13 3.34704815e-18 6.60993154e-10 5.62258851e-16
 3.87884155e-18 3.46927835e-09 5.05232723e-19 2.52492237e-17
 4.20743905e-17 2.01973026e-17 1.58351955e-18 4.66730344e-16]
[3.09573065e-02 9.17085920e-19 3.88671178e-18 4.97741412e-19
 2.87842771e-18 2.24351850e-18 5.55994610e-19 4.25781649e-18
 1.14484398e-18 6.31291857e-19 1.18899517e-18 6.95232387e+00
 5.73300928e-19 5.57679315e-19 0.00000000e+00 4.75626762e-13
 1.52688571e-04 1.66539353e-18 6.93088384e-19 2.37563024e-18
 6.88704262e-19 2.52490151e-06 3.06181619e-16 6.39200830e-19
 5.47324010e-19 3.12600365e-18 5.31820053e-19 9.21398625e-19
 3.22995238e-03 6.34223722e-16 2.21846444e-18 1.06310494e-17
 4.62342538e-18 7.09563525e-03 1.26344522e-18 8.17296424e-19
 5.09653084e-19 1.08043075e-02 1.36471109e-17 6.91559106e+00
 1.88148690e-18 5.04709536e-19 7.41936423e-19 7.75952213e-19
 4.33148975e-17 5.02101777e-13 6.32939460e-18 4.97741412e-19]
[1.03273092e-07 1.84785137e-15 7.11448457e-18 7.77308617e-18
 1.56932053e-15 7.25116525e-19 6.58888609e-16 6.91143675e+00
 2.37774941e-04 2.36198781e-16 4.82348898e-02 1.77182517e-12
 1.44560623e-16 8.60395871e-19 4.75626762e-13 0.00000000e+00
 5.99049863e-16 1.83745933e-08 5.85711475e-19 9.32667218e-19
 2.58407391e-13 6.96007830e+00 2.68031444e-13 5.77558581e-19
 2.41196305e-12 1.35489907e-17 1.13698748e-18 8.56331167e-05
 1.13036643e-16 2.67999539e-10 1.11994254e-10 4.90812294e-15
 7.30796335e-19 1.03273093e-07 8.92052577e-19 1.01234437e-16
 8.68107880e-19 8.96758695e-18 1.26767622e-17 8.37805516e-05
 4.47889776e-15 4.83833502e-18 1.71103860e-15 2.12329014e-16
 2.41754446e-16 1.03253092e-14 5.70723810e-19 6.26492676e-19]
[1.75866298e-18 3.41625424e-17 9.20246109e-14 4.30989630e-17
 1.58960672e-02 8.97271411e-18 7.16046702e-19 1.03587694e-13
 1.54884677e-13 2.57297476e-15 2.25736170e-17 4.52864315e-17
 6.76972950e-18 2.79843020e-15 1.52688571e-04 5.99049863e-16
 0.00000000e+00 2.83636952e-18 1.20347054e-17 3.82596302e-16
 3.57777366e-17 2.30433278e-17 9.74471733e-18 1.94304133e-15
 2.96704825e-16 5.79987916e-18 1.23927815e-16 1.34329364e-13
 2.54867285e-16 2.42399344e-14 4.25417862e-14 6.67088935e-17
 1.44183662e-16 3.65118012e-16 1.45658889e-17 1.01084763e-17
 6.29102416e-18 1.66520319e-11 6.97010702e-04 1.62652905e-16
 1.10296296e-16 4.30578244e-17 6.94348468e+00 7.03398222e-16
 2.82349190e-02 6.93169191e+00 3.20994908e-17 8.15064191e-08]
[5.22599399e-02 8.96699954e-16 6.98735673e-19 3.35287610e-18
 2.49875853e-16 7.81923158e-19 6.93646572e+00 3.29925949e-15
 5.72851890e-19 2.90964233e-18 5.49567298e-19 8.75399801e-19
 2.97509447e-16 5.21626598e-19 1.66539353e-18 1.83745933e-08
 2.83636952e-18 0.00000000e+00 1.00869793e-18 5.78494803e-19
 4.97741412e-19 1.05037081e-16 2.07289809e-15 5.23201171e-19
 4.97741412e-19 4.97741412e-19 5.40406921e-19 8.16941215e-19
 1.41329367e-18 4.14157723e-18 9.14746265e-17 1.67072373e-17
 7.01098181e-18 4.41582801e-16 7.74517571e-19 5.87504982e-17
 1.53544201e-14 9.45683245e-17 1.31211831e-18 1.15023013e-15
 3.71470302e-14 5.78136558e-19 8.50122535e-19 6.93143167e+00
 1.65948903e-17 7.55081583e-17 5.21089183e-19 4.97741412e-19]
[6.84952871e-03 2.61659282e-18 9.29277341e-19 2.99945395e-18
 1.51164325e-14 9.46252764e-19 1.50005980e-18 1.81565418e-18
 5.09310402e-19 4.97741412e-19 5.75328773e-19 5.54171205e-19
 4.97741412e-19 2.11550309e-18 6.93088384e-19 5.85711475e-19
 1.20347054e-17 1.00869793e-18 0.00000000e+00 6.90096208e-19
 5.43774291e-19 5.48038022e-17 5.61066155e-19 2.95160675e-16
 4.97741412e-19 1.51806587e-18 6.95488211e+00 1.09792531e-18
 2.85054196e-13 9.77188312e-19 8.20547996e-19 1.36959683e-03
 4.97741412e-19 7.70141046e-15 5.17162195e-19 1.23957499e-17
 6.95692482e+00 2.20065658e-18 1.79577566e-18 1.30005935e-14
 1.20335079e-17 2.08099621e-13 6.21311421e-19 5.43982763e-19
 3.77849203e-14 6.80677367e-19 5.50302281e-17 1.31297932e-04]
[3.04523962e-02 9.15771926e-14 8.93098598e-19 1.17846444e-18
 3.97835871e-05 7.99901102e-18 7.85285579e-19 1.04268658e-18
 2.40717601e-18 1.54041882e-16 2.32075711e-18 4.09222033e-18
 1.30152327e-18 1.39610583e-17 2.37563024e-18 9.32667218e-19
 3.82596302e-16 5.78494803e-19 6.90096208e-19 0.00000000e+00
 2.98090900e-18 7.10410518e-19 4.22656055e-16 8.87542551e-19
 7.48892827e-19 2.25169011e-18 1.11198328e-18 8.89968508e-19
 1.57751000e-18 2.12566445e-15 1.49780498e-18 2.10354498e-18
 6.94168468e+00 2.65912053e-17 1.53805424e-06 4.81274034e-14
 8.02727208e-19 3.03780145e-17 2.00275466e-18 7.89992244e-17
 2.52002076e-04 1.14741268e-18 4.16845491e-17 2.79688324e-18
 3.53099108e-18 5.22738406e-16 6.94772696e+00 1.51331183e-18]
[3.09528808e-02 1.24404664e-08 4.52862646e-03 5.44704168e-18
 2.81581833e-09 3.44277733e-14 1.33985911e-11 4.73730539e-16
 1.18436737e-17 9.26437564e-06 1.08457198e-17 7.47379716e-19
 6.93590467e+00 8.08759521e-19 6.88704262e-19 2.58407391e-13
 3.57777366e-17 4.97741412e-19 5.43774291e-19 2.98090900e-18
 0.00000000e+00 7.86719457e-19 7.23848397e-19 5.55771642e-19
 2.33339022e-16 7.42205431e-19 6.11549686e-19 6.05625472e-19
 7.70301509e-19 3.12215976e-18 6.38120665e-19 6.04108228e-04
 1.06806667e-17 1.24397250e-18 5.90985768e-05 6.08989482e-19
 5.69218595e-19 1.07366093e-17 9.21254095e-16 3.88400318e-16
 9.65029674e-05 1.18822576e-18 5.31585039e-19 5.04754028e-19
 1.13563103e-18 4.43930217e-16 6.94800219e+00 1.00326468e-18]
[1.34259809e-14 9.45274981e-19 6.95625894e+00 2.11339424e-17
 2.19530817e-16 5.31922897e-19 1.45069859e-07 1.15357135e-16
 7.72979570e-16 1.00885627e-18 1.55854965e-08 1.69242078e-13
 3.81742434e-03 6.71386063e-10 2.52490151e-06 6.96007830e+00
 2.30433278e-17 1.05037081e-16 5.48038022e-17 7.10410518e-19
 7.86719457e-19 0.00000000e+00 5.91121388e-19 2.51647350e-17
 6.95894311e-19 7.73191510e-18 5.04754028e-19 1.00517090e-18
 8.64650993e-18 3.31810357e-17 9.27504403e-14 6.00728418e-19
 1.73687794e-17 7.07906215e-18 5.12924406e-19 6.03524382e-19
 2.59997531e-18 1.50342247e-17 7.66644668e-19 3.52754577e-15
 8.79165535e-19 3.89511426e-17 5.29061922e-19 1.46463613e-18
 9.41308908e-16 5.65666866e-18 2.00324113e-18 1.95141256e-17]
[1.14860431e-18 6.70435364e-19 1.43725661e-03 6.09079494e-17
 2.61287471e-16 6.01218963e-19 3.43627496e-16 1.05580831e-02
 5.85794818e-19 6.63100592e-19 6.94972744e+00 9.70534220e-17
 8.16256949e-18 6.94358538e+00 3.06181619e-16 2.68031444e-13
 9.74471733e-18 2.07289809e-15 5.61066155e-19 4.22656055e-16
 7.23848397e-19 5.91121388e-19 0.00000000e+00 4.65878177e-17
 8.40864285e-19 1.11673281e-17 7.42904097e-18 5.23514766e-18
 5.06746046e-18 1.12428402e-17 6.73146577e-19 1.94248304e-17
 9.54217163e-19 9.81785487e-18 9.18024841e-17 3.52698864e-18
 1.71630048e-18 7.60541756e-16 1.27495868e-18 2.34323433e-15
 1.48491915e-02 1.72261989e-18 3.64369352e-17 6.98490422e-19
 1.21312869e-14 5.89508823e-19 8.72616720e-19 9.31048001e-19]
[6.02578131e-19 1.93676572e-18 1.38222633e-07 2.92525608e-18
 7.81315063e-19 7.11201285e-13 9.45686929e-18 7.12711681e-19
 2.83258258e-15 6.95994477e+00 5.06464989e-18 3.48190767e-16
 3.74765662e-02 5.32022459e-06 6.39200830e-19 5.77558581e-19
 1.94304133e-15 5.23201171e-19 2.95160675e-16 8.87542551e-19
 5.55771642e-19 2.51647350e-17 4.65878177e-17 0.00000000e+00
 5.99272570e-19 2.24493966e-18 2.36097007e-12 5.60981503e-19
 1.20790204e-17 5.95853236e-18 3.36517796e-18 6.92151553e+00
 5.79698036e-19 9.10428214e-18 1.79202933e-18 5.12384035e-13
 1.21193488e-03 6.42438828e-18 1.73101229e-18 2.06688279e-15
 9.74539417e-19 4.43916271e-18 5.49640276e-19 2.10817487e-18
 1.69113673e-14 4.09363602e-18 3.09371549e-06 4.28021174e-17]
[6.21496718e-19 5.61022551e-04 5.05721458e-12 7.18073560e-19
 2.92514266e-16 6.91039603e-14 9.31725557e-19 1.49565042e-18
 5.51943575e-19 1.30253743e-04 5.54799237e-19 1.55102052e-16
 6.92155949e+00 6.96002439e+00 5.47324010e-19 2.41196305e-12
 2.96704825e-16 4.97741412e-19 4.97741412e-19 7.48892827e-19
 2.33339022e-16 6.95894311e-19 8.40864285e-19 5.99272570e-19
 0.00000000e+00 1.08009170e-03 7.37616781e-19 5.29438238e-19
 4.57409949e-17 7.90628507e-19 5.15580647e-19 3.67818069e-02
 5.25337486e-19 8.11812539e-19 6.12163783e-19 5.10697797e-19
 5.08894187e-19 7.53827985e-19 2.64819236e-15 3.02267840e-16
 2.02981451e-05 3.97875683e-18 8.45107599e-19 1.36425694e-16
 1.21836129e-15 9.61454832e-18 7.71288783e-19 8.53274315e-19]
[1.38933511e-18 7.89169662e-17 1.35287465e-18 6.95899858e+00
 4.73531305e-15 1.64461689e-18 5.73893197e-19 7.91405546e-19
 1.90737639e-15 1.66640717e-17 5.17823471e-18 5.09965911e-18
 5.86372340e-19 2.37077621e-18 3.12600365e-18 1.35489907e-17
 5.79987916e-18 4.97741412e-19 1.51806587e-18 2.25169011e-18
 7.42205431e-19 7.73191510e-18 1.11673281e-17 2.24493966e-18
 1.08009170e-03 0.00000000e+00 5.60293227e-19 4.97741412e-19
 2.52948628e-17 2.78573331e-17 8.51046279e-19 1.04728815e-17
 4.59033969e-18 2.48687458e-16 6.96001804e+00 5.40700887e-17
 9.41860818e-19 5.44526898e-19 1.30464355e-17 1.17346856e-18
 1.27538767e-17 5.37847232e-17 6.28550975e-18 5.56383950e-19
 9.97905056e-18 1.12551587e-18 6.06366311e-05 1.60869002e-18]
[3.48324067e-12 3.68270468e-18 6.25412440e-19 5.57081889e-18
 3.35101192e-08 9.07888863e-19 5.28499162e-19 5.13562738e-18
 1.06870169e-18 1.20485213e-18 6.85860282e-19 4.23745381e-17
 4.97741412e-19 9.35622883e-19 5.31820053e-19 1.13698748e-18
 1.23927815e-16 5.40406921e-19 6.95488211e+00 1.11198328e-18
 6.11549686e-19 5.04754028e-19 7.42904097e-18 2.36097007e-12
 7.37616781e-19 5.60293227e-19 0.00000000e+00 2.02362467e-16
 3.32156671e-16 1.71068814e-18 5.37311154e-19 8.63360609e-19
 6.57152860e-19 5.28272499e-19 5.28100167e-19 1.75047836e-18
 1.17847772e-18 8.57775374e-18 5.49086515e-03 9.89944389e-18
 6.53574184e-15 9.08320170e-19 6.95469949e+00 7.20127581e-19
 5.08486163e-03 9.04691349e-15 5.31615692e-19 5.37280946e-19]
[2.44511647e-02 3.42552193e-17 3.64322129e-17 4.17070534e-18
 6.95841328e-19 5.45209894e-17 6.95414162e+00 2.37251374e-17
 2.17163919e-17 5.10731541e-19 8.43547263e-19 5.59459972e-19
 1.33985471e-11 3.24041232e-17 9.21398625e-19 8.56331167e-05
 1.34329364e-13 8.16941215e-19 1.09792531e-18 8.89968508e-19
 6.05625472e-19 1.00517090e-18 5.23514766e-18 5.60981503e-19
 5.29438238e-19 4.97741412e-19 2.02362467e-16 0.00000000e+00
 5.09995966e-19 2.04859089e-17 1.34327494e-17 1.78860933e-16
 5.42292213e-19 1.31665777e-17 4.97741412e-19 6.90578154e+00
 2.67744436e-18 9.34698905e-15 2.82541193e-13 2.76147505e-14
 6.70894377e-18 2.22778337e-15 1.83611955e-18 3.51319090e-18
 3.56973890e-02 4.61236657e-17 5.78747690e-19 7.16819741e-19]
[8.41951488e-17 1.23254213e-09 3.22905355e-18 1.42931554e-16
 6.95950076e+00 9.72956944e-19 9.83080994e-18 8.36528873e-05
 9.75544839e-16 4.94578088e-18 3.19751864e-03 3.31610890e-18
 1.49431197e-09 1.04583547e-12 3.22995238e-03 1.13036643e-16
 2.54867285e-16 1.41329367e-18 2.85054196e-13 1.57751000e-18
 7.70301509e-19 8.64650993e-18 5.06746046e-18 1.20790204e-17
 4.57409949e-17 2.52948628e-17 3.32156671e-16 5.09995966e-19
 0.00000000e+00 8.58277555e-17 7.20281299e-16 1.65319955e-07
 2.89012410e-05 7.74014168e-16 1.00199821e-16 1.38380617e-18
 5.10828550e-19 6.17129368e-16 4.91332492e-18 2.08153774e-18
 6.95400733e+00 1.97088834e-18 3.21886140e-17 5.28905123e-14
 1.41450443e-15 3.72991264e-15 1.09069901e-04 7.53598883e-17]
[1.33529528e-15 2.08934491e-17 5.80282069e-17 1.01527460e-16
 1.51061231e-18 6.93338678e+00 2.04080443e-15 1.30264998e-16
 4.92913218e-15 2.69886126e-14 3.52072448e-16 2.57793749e-17
 4.39520161e-17 2.52488398e-17 6.34223722e-16 2.67999539e-10
 2.42399344e-14 4.14157723e-18 9.77188312e-19 2.12566445e-15
 3.12215976e-18 3.31810357e-17 1.12428402e-17 5.95853236e-18
 7.90628507e-19 2.78573331e-17 1.71068814e-18 2.04859089e-17
 8.58277555e-17 0.00000000e+00 1.45377366e-16 1.06529498e-12
 2.70141061e-18 8.29111470e-17 3.36829652e-14 6.91158118e+00
 9.96767471e-18 1.57359145e-17 3.32629746e-12 2.46551663e-15
 1.99225959e-18 2.41555373e-17 8.40152208e-17 4.13363641e-18
 7.51893853e-02 4.02371486e-17 8.72883079e-14 8.37837117e-19]
[4.42844444e-02 1.22311685e-18 8.63128568e-19 8.32149999e-15
 5.38155915e-19 5.85864427e-15 8.02601217e-16 1.05176981e-15
 2.31342253e-18 5.26703254e-19 9.92848475e-08 1.78273243e-14
 2.69783278e-18 3.42479150e-16 2.21846444e-18 1.11994254e-10
 4.25417862e-14 9.14746265e-17 8.20547996e-19 1.49780498e-18
 6.38120665e-19 9.27504403e-14 6.73146577e-19 3.36517796e-18
 5.15580647e-19 8.51046279e-19 5.37311154e-19 1.34327494e-17
 7.20281299e-16 1.45377366e-16 0.00000000e+00 9.92500238e-17
 5.05842807e-17 3.62972509e-16 5.07236356e-19 4.97611270e-14
 6.01172091e-19 6.94632162e+00 5.72403197e-19 1.11449805e-03
 1.35836483e-15 8.38691580e-15 7.76358113e-19 6.92843669e+00
 1.24648902e-17 2.76259249e-15 1.67585399e-16 5.25855203e-19]
[1.38222636e-07 6.22071231e-18 2.29305088e-18 3.48821990e-18
 1.14093493e-16 2.68449259e-12 1.74898999e-18 9.88189623e-17
 5.18598455e-17 1.17303180e-18 4.10383623e-16 2.69754118e-18
 8.94837814e-19 3.08273650e-17 1.06310494e-17 4.90812294e-15
 6.67088935e-17 1.67072373e-17 1.36959683e-03 2.10354498e-18
 6.04108228e-04 6.00728418e-19 1.94248304e-17 6.92151553e+00
 3.67818069e-02 1.04728815e-17 8.63360609e-19 1.78860933e-16
 1.65319955e-07 1.06529498e-12 9.92500238e-17 0.00000000e+00
 1.04311045e-18 1.01638575e-16 1.91901488e-16 5.27143983e-18
 5.90531930e-18 7.22608889e-19 6.95988601e+00 1.22329789e-15
 1.27904612e-17 4.51953732e-17 1.31731651e-17 5.08311061e-19
 2.74777665e-17 5.34247617e-18 1.02669927e-18 1.61843973e-17]
[4.56573834e-18 1.76237689e-18 6.17180261e-19 4.97741412e-19
 1.00772351e-18 1.02067906e-18 4.51075964e-16 1.90792346e-15
 1.10825625e-16 1.32221597e-18 6.96236939e-19 2.46328057e-17
 5.87934373e-19 1.01937138e-18 4.62342538e-18 7.30796335e-19
 1.44183662e-16 7.01098181e-18 4.97741412e-19 6.94168468e+00
 1.06806667e-17 1.73687794e-17 9.54217163e-19 5.79698036e-19
 5.25337486e-19 4.59033969e-18 6.57152860e-19 5.42292213e-19
 2.89012410e-05 2.70141061e-18 5.05842807e-17 1.04311045e-18
 0.00000000e+00 1.77820261e-10 5.82247581e-19 1.85917172e-11
 6.09788196e-17 7.16207073e-19 1.88327477e-18 6.14367438e-16
 1.72399661e-18 1.50397178e-14 3.42102768e-18 7.57856072e-19
 2.13011771e-02 6.95714260e+00 1.13882883e-17 7.32702756e-19]
[5.73723000e-16 4.21223916e-17 6.95768762e+00 1.82319828e-16
 2.38714497e-18 6.73826731e-19 3.27885883e-18 7.10648383e-16
 6.99399606e-16 1.45652426e-18 7.20441797e-05 5.79081808e-19
 4.29498239e-13 1.65135926e-02 7.09563525e-03 1.03273093e-07
 3.65118012e-16 4.41582801e-16 7.70141046e-15 2.65912053e-17
 1.24397250e-18 7.07906215e-18 9.81785487e-18 9.10428214e-18
 8.11812539e-19 2.48687458e-16 5.28272499e-19 1.31665777e-17
 7.74014168e-16 8.29111470e-17 3.62972509e-16 1.01638575e-16
 1.77820261e-10 0.00000000e+00 7.34414294e-18 1.46080945e-18
 6.34227299e-18 1.26725475e-12 1.29257196e-18 8.61332357e-17
 6.93782656e+00 1.23253339e-09 2.09743146e-15 3.64305147e-17
 2.33849676e-15 2.55259235e-16 9.61787030e-04 8.64841600e-17]
[2.37774941e-04 5.84103659e-17 2.48944943e-16 1.84794410e-16
 1.61081264e-18 7.52334283e-18 6.88250766e-19 6.04311398e-18
 6.56206976e-19 1.24483926e-17 2.13890564e-17 7.14066274e-19
 8.69713781e-19 9.76171195e-17 1.26344522e-18 8.92052577e-19
 1.45658889e-17 7.74517571e-19 5.17162195e-19 1.53805424e-06
 5.90985768e-05 5.12924406e-19 9.18024841e-17 1.79202933e-18
 6.12163783e-19 6.96001804e+00 5.28100167e-19 4.97741412e-19
 1.00199821e-16 3.36829652e-14 5.07236356e-19 1.91901488e-16
 5.82247581e-19 7.34414294e-18 0.00000000e+00 5.80816472e-19
 8.94884913e-18 9.89622002e-15 2.12055834e-16 3.67524418e-16
 4.17933810e-18 5.75422148e-18 2.77786511e-17 1.28154944e-18
 6.95984090e+00 7.68759771e-17 5.60859509e-19 2.81243578e-16]
[8.41947803e-02 1.05817783e-14 1.14815368e-17 1.58107835e-18
 7.61930333e-19 1.60324380e-17 1.85173820e-18 9.09143507e-09
 1.17071756e-18 1.01925579e-18 1.02833995e-18 1.40460715e-15
 1.02108751e-18 4.97741412e-19 8.17296424e-19 1.01234437e-16
 1.01084763e-17 5.87504982e-17 1.23957499e-17 4.81274034e-14
 6.08989482e-19 6.03524382e-19 3.52698864e-18 5.12384035e-13
 5.10697797e-19 5.40700887e-17 1.75047836e-18 6.90578154e+00
 1.38380617e-18 6.91158118e+00 4.97611270e-14 5.27143983e-18
 1.85917172e-11 1.46080945e-18 5.80816472e-19 0.00000000e+00
 1.03176251e-17 9.92983334e-08 4.44710647e-18 3.36987346e-17
 1.35732300e-17 4.35947388e-17 5.75070478e-16 2.52964633e-17
 1.85997382e-02 3.09462864e-14 1.36560382e-16 3.74787925e-13]
[1.57527889e-16 4.97741412e-19 4.62860160e-15 2.29403324e-18
 6.47379093e-14 6.95127034e+00 2.60020609e-18 6.27731258e-18
 4.97741412e-19 2.86330332e-13 7.70805987e-19 5.08346769e-19
 5.70054549e-15 2.89152551e-13 5.09653084e-19 8.68107880e-19
 6.29102416e-18 1.53544201e-14 6.95692482e+00 8.02727208e-19
 5.69218595e-19 2.59997531e-18 1.71630048e-18 1.21193488e-03
 5.08894187e-19 9.41860818e-19 1.17847772e-18 2.67744436e-18
 5.10828550e-19 9.96767471e-18 6.01172091e-19 5.90531930e-18
 6.09788196e-17 6.34227299e-18 8.94884913e-18 1.03176251e-17
 0.00000000e+00 2.84691367e-18 4.76362312e-04 1.08662873e-18
 1.46382615e-18 5.75737340e-19 1.01482248e-18 2.05923777e-18
 1.02738886e-02 7.05507139e-15 5.37680987e-19 5.05793190e-19]
[1.38508617e-18 5.73651963e-17 5.41371392e-16 3.93982561e-17
 6.55078275e-15 5.12220917e-05 2.47675131e-15 8.95404431e-16
 5.46253972e+00 2.83854124e-16 8.11442147e-19 9.92848479e-08
 4.73269188e-17 3.34704815e-18 1.08043075e-02 8.96758695e-18
 1.66520319e-11 9.45683245e-17 2.20065658e-18 3.03780145e-17
 1.07366093e-17 1.50342247e-17 7.60541756e-16 6.42438828e-18
 7.53827985e-19 5.44526898e-19 8.57775374e-18 9.34698905e-15
 6.17129368e-16 1.57359145e-17 6.94632162e+00 7.22608889e-19
 7.16207073e-19 1.26725475e-12 9.89622002e-15 9.92983334e-08
 2.84691367e-18 0.00000000e+00 2.00917242e-17 2.23129814e-15
 3.51384674e-16 2.56041444e-17 4.51751187e-18 1.01258703e-16
 1.50043876e+00 1.52722421e-06 4.84552857e-18 8.83901493e-19]
[8.40473561e-19 2.45674150e-16 1.75815133e-06 1.01046371e-17
 9.13473407e-16 5.91721823e-19 5.89877827e-19 9.36412760e-18
 5.28777636e-15 3.04839638e-16 9.16563186e-19 1.24224547e-18
 3.48404900e-05 6.60993154e-10 1.36471109e-17 1.26767622e-17
 6.97010702e-04 1.31211831e-18 1.79577566e-18 2.00275466e-18
 9.21254095e-16 7.66644668e-19 1.27495868e-18 1.73101229e-18
 2.64819236e-15 1.30464355e-17 5.49086515e-03 2.82541193e-13
 4.91332492e-18 3.32629746e-12 5.72403197e-19 6.95988601e+00
 1.88327477e-18 1.29257196e-18 2.12055834e-16 4.44710647e-18
 4.76362312e-04 2.00917242e-17 0.00000000e+00 8.10223295e-16
 1.14973495e-17 1.33218705e-18 7.26383984e-19 8.95463724e-19
 3.05071905e-18 2.03368935e-15 1.22843458e-10 6.95357051e+00]
[1.22507664e-18 3.04652493e-17 2.49344889e-09 3.45188498e-15
 3.84492280e-04 1.22817098e-15 3.58744612e-18 1.06921556e-11
 2.00236739e+00 7.69631506e-15 2.52054368e-15 3.57505497e-17
 6.15064689e-15 5.62258851e-16 6.91559106e+00 8.37805516e-05
 1.62652905e-16 1.15023013e-15 1.30005935e-14 7.89992244e-17
 3.88400318e-16 3.52754577e-15 2.34323433e-15 2.06688279e-15
 3.02267840e-16 1.17346856e-18 9.89944389e-18 2.76147505e-14
 2.08153774e-18 2.46551663e-15 1.11449805e-03 1.22329789e-15
 6.14367438e-16 8.61332357e-17 3.67524418e-16 3.36987346e-17
 1.08662873e-18 2.23129814e-15 8.10223295e-16 0.00000000e+00
 2.21880202e-03 8.71573846e-17 3.53733318e-15 1.01491811e-15
 4.99839733e+00 5.44830037e-14 2.77073310e-16 3.06689370e-15]
[1.65319960e-07 1.43936563e-16 9.47097585e-17 2.03576907e-15
 1.47820363e-18 7.79975125e-18 3.06387806e-17 8.36541211e-05
 1.18262872e-18 1.24009878e-17 3.76634091e-16 1.08028441e-02
 7.36379731e-17 3.87884155e-18 1.88148690e-18 4.47889776e-15
 1.10296296e-16 3.71470302e-14 1.20335079e-17 2.52002076e-04
 9.65029674e-05 8.79165535e-19 1.48491915e-02 9.74539417e-19
 2.02981451e-05 1.27538767e-17 6.53574184e-15 6.70894377e-18
 6.95400733e+00 1.99225959e-18 1.35836483e-15 1.27904612e-17
 1.72399661e-18 6.93782656e+00 4.17933810e-18 1.35732300e-17
 1.46382615e-18 3.51384674e-16 1.14973495e-17 2.21880202e-03
 0.00000000e+00 5.49049414e-16 1.42695101e-17 8.78603493e-18
 3.90069502e-17 1.11232190e-16 5.31330200e-15 1.31850697e-16]
[4.64267545e-15 6.96007867e+00 5.28847318e-18 1.61773377e-17
 1.47098748e-16 1.46488000e-17 2.06350216e-18 5.36944960e-18
 2.66859695e-17 6.96007306e+00 5.35393628e-16 1.94259908e-18
 5.61180419e-06 3.46927835e-09 5.04709536e-19 4.83833502e-18
 4.30578244e-17 5.78136558e-19 2.08099621e-13 1.14741268e-18
 1.18822576e-18 3.89511426e-17 1.72261989e-18 4.43916271e-18
 3.97875683e-18 5.37847232e-17 9.08320170e-19 2.22778337e-15
 1.97088834e-18 2.41555373e-17 8.38691580e-15 4.51953732e-17
 1.50397178e-14 1.23253339e-09 5.75422148e-18 4.35947388e-17
 5.75737340e-19 2.56041444e-17 1.33218705e-18 8.71573846e-17
 5.49049414e-16 0.00000000e+00 6.68860783e-17 4.34508217e-18
 1.33358045e-17 2.95601802e-16 1.28112722e-13 1.41466577e-15]
[9.18779017e-07 5.68044548e-19 3.18431468e-17 1.32525711e-18
 5.90140481e-16 9.39413607e-19 7.69499885e-16 4.26127405e-17
 5.43380116e-19 1.21210525e-18 5.17578395e-19 3.82714518e-16
 6.71316650e-19 5.05232723e-19 7.41936423e-19 1.71103860e-15
 6.94348468e+00 8.50122535e-19 6.21311421e-19 4.16845491e-17
 5.31585039e-19 5.29061922e-19 3.64369352e-17 5.49640276e-19
 8.45107599e-19 6.28550975e-18 6.95469949e+00 1.83611955e-18
 3.21886140e-17 8.40152208e-17 7.76358113e-19 1.31731651e-17
 3.42102768e-18 2.09743146e-15 2.77786511e-17 5.75070478e-16
 1.01482248e-18 4.51751187e-18 7.26383984e-19 3.53733318e-15
 1.42695101e-17 6.68860783e-17 0.00000000e+00 1.10784259e-17
 3.44576657e-12 3.10953225e-17 9.69536240e-19 2.19722677e-02]
[9.62909702e-19 1.03303704e-18 1.31407163e-18 1.84568537e-18
 6.16316645e-19 8.72565441e-16 2.77945409e-16 1.94168825e-09
 6.65082526e-19 1.08779670e-18 6.32608099e-19 8.96899818e-19
 6.86031558e-19 2.52492237e-17 7.75952213e-19 2.12329014e-16
 7.03398222e-16 6.93143167e+00 5.43982763e-19 2.79688324e-18
 5.04754028e-19 1.46463613e-18 6.98490422e-19 2.10817487e-18
 1.36425694e-16 5.56383950e-19 7.20127581e-19 3.51319090e-18
 5.28905123e-14 4.13363641e-18 6.92843669e+00 5.08311061e-19
 7.57856072e-19 3.64305147e-17 1.28154944e-18 2.52964633e-17
 2.05923777e-18 1.01258703e-16 8.95463724e-19 1.01491811e-15
 8.78603493e-18 4.34508217e-18 1.10784259e-17 0.00000000e+00
 6.02889874e-02 2.57538667e-15 2.29793945e-18 6.84549200e-19]
[1.34332839e-01 2.07027172e-16 4.56466245e-16 5.47755125e-18
 3.82070970e-17 5.22968475e-17 2.94051608e-02 1.26649062e-15
 4.03093387e-17 1.28187154e-17 3.35826330e-17 3.21114940e-05
 1.97462897e-02 4.20743905e-17 4.33148975e-17 2.41754446e-16
 2.82349190e-02 1.65948903e-17 3.77849203e-14 3.53099108e-18
 1.13563103e-18 9.41308908e-16 1.21312869e-14 1.69113673e-14
 1.21836129e-15 9.97905056e-18 5.08486163e-03 3.56973890e-02
 1.41450443e-15 7.51893853e-02 1.24648902e-17 2.74777665e-17
 2.13011771e-02 2.33849676e-15 6.95984090e+00 1.85997382e-02
 1.02738886e-02 1.50043876e+00 3.05071905e-18 4.99839733e+00
 3.90069502e-17 1.33358045e-17 3.44576657e-12 6.02889874e-02
 0.00000000e+00 2.65670131e-17 2.32936217e-02 1.08411202e-16]
[3.13209731e-02 9.86621929e-17 2.52828140e-16 9.39623307e-18
 3.47784436e-07 1.62665074e-11 1.34898940e-14 5.61141767e-17
 5.21303718e-18 4.59211187e-18 1.58102058e-17 1.50777463e-18
 2.05835680e-18 2.01973026e-17 5.02101777e-13 1.03253092e-14
 6.93169191e+00 7.55081583e-17 6.80677367e-19 5.22738406e-16
 4.43930217e-16 5.65666866e-18 5.89508823e-19 4.09363602e-18
 9.61454832e-18 1.12551587e-18 9.04691349e-15 4.61236657e-17
 3.72991264e-15 4.02371486e-17 2.76259249e-15 5.34247617e-18
 6.95714260e+00 2.55259235e-16 7.68759771e-17 3.09462864e-14
 7.05507139e-15 1.52722421e-06 2.03368935e-15 5.44830037e-14
 1.11232190e-16 2.95601802e-16 3.10953225e-17 2.57538667e-15
 2.65670131e-17 0.00000000e+00 3.46849689e-18 8.12507021e-19]
[3.13970448e-18 4.21782270e-16 2.42728075e-16 3.10867189e-12
 1.47508945e-17 1.24069237e-18 5.23914146e-19 1.90359052e-18
 6.96013362e-19 1.05730537e-18 4.76067688e-18 1.41928156e-15
 5.97083110e-18 1.58351955e-18 6.32939460e-18 5.70723810e-19
 3.20994908e-17 5.21089183e-19 5.50302281e-17 6.94772696e+00
 6.94800219e+00 2.00324113e-18 8.72616720e-19 3.09371549e-06
 7.71288783e-19 6.06366311e-05 5.31615692e-19 5.78747690e-19
 1.09069901e-04 8.72883079e-14 1.67585399e-16 1.02669927e-18
 1.13882883e-17 9.61787030e-04 5.60859509e-19 1.36560382e-16
 5.37680987e-19 4.84552857e-18 1.22843458e-10 2.77073310e-16
 5.31330200e-15 1.28112722e-13 9.69536240e-19 2.29793945e-18
 2.32936217e-02 3.46849689e-18 0.00000000e+00 5.67902305e-19]
[1.59283138e-06 2.59007700e-18 1.59914347e-18 7.80532884e-18
 6.94418249e+00 2.99111280e-04 4.97741412e-19 7.72195645e-19
 5.70834246e-19 7.57844688e-18 1.44549988e-18 7.39515186e-19
 2.45313955e-15 4.66730344e-16 4.97741412e-19 6.26492676e-19
 8.15064191e-08 4.97741412e-19 1.31297932e-04 1.51331183e-18
 1.00326468e-18 1.95141256e-17 9.31048001e-19 4.28021174e-17
 8.53274315e-19 1.60869002e-18 5.37280946e-19 7.16819741e-19
 7.53598883e-17 8.37837117e-19 5.25855203e-19 1.61843973e-17
 7.32702756e-19 8.64841600e-17 2.81243578e-16 3.74787925e-13
 5.05793190e-19 8.83901493e-19 6.95357051e+00 3.06689370e-15
 1.31850697e-16 1.41466577e-15 2.19722677e-02 6.84549200e-19
 1.08411202e-16 8.12507021e-19 5.67902305e-19 0.00000000e+00]
